kid n
0 125283690561560721600621315130029082980656301198912597163826105946048136616941371375415986346147795139082742022679938433213865869167221360814722295867890703297375391326146413963337123755247069179570730590532218377855190583535801483062716397839316883286454624803071085988249678304170349844775327972117506485347
1 93185628086335302912603419869836825751474922390365552421325923903905427496885384318268120611790862087918920271762916958730142615582002185545912452342386889002361201162124182226275162738635638929805074019485588166125948605184533002406587521106407385984014851707408817271973194578059364425545445412492795334621
2 95642984269740175647769612443899103522503253619644463280586433340611645170337870532661967962600469186693764802198011476812432079779974808662882777333401068487175809652550356751078334411246838951172183384137184676602177824170933552978350419915283925325625589296721318881314986725934317796871331543624403818457
3 85142556979408191828543034885062511309143953018552650347435514611562682297576139308230413143380593846508146171540945792550062844848819435571192486842086462946266664428459020466421709536030510531200435790909472921194698887554632470759061911467952416914545650425231987112986178203136784187905530884549213564083
4 114358710322354283107534738840934652923310267638586774604657748117250871201908834760632355192419324563831424654521042464827748793839427186720746981656411729214197590304706099954010835234068984372909822135559294682681930289662158811271993402170522174689346035028982249996795111673012165522760825627383237121039
5 135359160070199408870961531828065724650836606129349910005641628401153146177574306080441372081269829360453308573186087036613797046139446134007538338078225988335878344240163392161515028322376349151021190417470093040337273230229477507314717114623519466411216155781417159949961919898741317235650949493468197548243
6 90649736466442068821232969735656017338584428795667211577709288926303708703964562880001679344259818556330780142580646832978014911468238429824830224955612975301064213406461412295570452908551576606487785635930283325520084249006592361377040953747733384480090057296850437054428059308212704452807888394848087589979
7 114310306245572385796398413456621785314349857133060182368773568536706665285702522796046030757335693336765080257630970732292776998840745471342923785220859933593069498878562254705215223730183073080201376232103910095966011969503877615696141345561129384332763434250750441778607463068645485819288929651344195079769
8 113532798293662901446499670984003158223954882350506862180195653150662197848163425176016645763342391558152892270216667003964759185025124010853984451952625502420599586946963706661846529283249424131681718925548119709775265700697183695958950398993225469744200756477426527162910644765022666061023097415350353695927
9 137573384025279692677842178585141668668396849752982108560813334074497244991955522940007975678359125562788678559719062096109458176641671793389727477910569159255216901810795241206133185378781356523017320412608613390091314927716713437176536078013307172013591543206567946990114975496046453041786939763450874238771
10 58533982354963011197184655712194640498217014231142212860332865674163911845721003655316733997691564173888052567754835975235348405632244647582108411706285337017486954715105258275843899895625022563955286802673382737811686625986654785781127768413387288729102933104513167323544468131220073213829641471331114702601
11 99935992448522575118153596214493653354718759259821919947247560195591235389015091042539338250019208299130172047039683322578332488408773083535713133625077802106977479295663740267142893632430799738722563327752643366158312023772993572486726199606370345130956634361392612618701844589570546885669068962251688929611
12 88726960589445253815864459958527485195969208689812676232373135757303418653877056496033291574120449877073886386015828087100466062252719193006568417182593540781515955231585060991285154574158753536492004794747317622272817973994963517943234305506598308544027778404251016177452551632283578639291985612492499533497
13 142819223355859738172394373629100599209525520291515530819241877605781812632831121892370262707327212640625843804208977170808374172929225101299193617029849433989143587826732692232517039239752317803364617237267100246338084144972600646006444888416796183260713618333923513014754503069367129236666322250423035055189
14 66601936902326797398084074654694177011621052605759279807319152877122306755788559969921680046569619074481771893260328119374449487863952151099315065558263609546579914884922187042973787638486302650231949972190365710463764491102236104893216352310084123398443950560610504863590536044306583771595704599422695729671
15 107754731294660936497020792005658091469137424366485016740706393692821040754204923721483513195099581981819444939432557964689779795197457247018356047151045271519926560629279816611146804125586634045589926987931416566689841036784692980919491006534194832789349957989903710301170722702620501935620566469383719280419
16 141972756612269081704538937780865334863723509838592462444488676654908973335566572770154520431521999079670693216429059597757196635421458672329587188805916289896451849384065874601826218620153031898378064849853749434448822376784421548206873218368319527228809811375454179651332399898492132100116116619805465018833
17 85695299541835560586279826924240882043540844326599214431223238900826494161213621467843359172634985205254754465934810150982762116306651534178719414895608403411949313165501448092698166954698883791139949378166762777911568041117137503343824883599723703691677050789975866997003160540953764362624931346786471851699
18 55895690312886790951947173090761199674606800258105663442496718891606919674361535600440293668070256532929462471056015310127830104221026674444971959705839992108321924707222685862724644288467372635851405739210787968636797971047321917266449009654462156449585949055355728952158472113164104260832572279570748431863
19 82894849159211769575553913044447799287447726423363157114062248883395674534628614583818844888072142821465037118236223190220172183906004065791143311697380005092272522094808519132640656909161929313256972242184855981793692733406309515750639506036941492514117523054217213296260648652502617169963821440093306887029
